0,1181,1148,1567,745,452
0,994,454,1444,581,822
0,651,427,886,361,275
0,1087,358,946,591,438
0,999,753,990,863,513
0,728,365,933,391,1040
0,1146,727,1414,958,597
0,695,738,963,893,329
0,967,880,1295,940,410
0,1112,1070,1631,773,1123
0,1101,327,813,463,811
0,1324,974,389,927,1913
0,955,1153,1130,1250,110
0,852,411,1424,795,729
0,1062,658,865,712,289
0,872,545,889,884,357
0,1218,1037,1641,1201,341
0,1296,804,1385,879,796
0,1135,771,1263,746,214
0,946,812,1295,752,179
0,1114,572,1295,840,495
0,767,937,1271,594,450
0,1012,1122,1555,1019,514
0,819,668,1229,962,291
0,1324,401,1350,712,452
0,912,691,1040,540,294
0,954,842,1492,776,1308
0,1282,502,1520,843,1317
0,535,680,865,568,536
0,925,651,1083,1097,863
0,1352,779,1595,704,113
0,897,823,1447,944,505
0,1256,809,881,939,1914
0,721,411,1070,678,232
0,826,1015,1095,873,236
0,854,420,1480,555,190
0,924,937,1185,765,473
0,1262,691,1026,700,1428
0,579,519,1008,631,821
0,1094,735,1391,718,568
0,1188,732,1185,957,540
0,868,1030,1423,811,310
0,990,773,1155,750,933
0,1498,813,1368,986,1687
0,931,748,1125,332,359
0,1062,960,1025,862,831
0,1084,1127,1355,1078,844
0,843,431,1285,477,387
0,1022,572,1180,829,477
0,1549,1176,1551,1093,1688
0,1468,922,1458,1432,913
0,1550,786,1085,1437,308
0,871,430,1128,423,959
0,1026,1181,1262,846,621
0,1018,558,1531,495,553
0,788,415,1134,535,395
0,1129,1327,652,787,1662
0,1104,513,1345,1152,198
0,1124,640,1550,911,350
0,953,731,1626,603,1381
0,964,494,1015,458,274
0,730,410,870,748,476
0,1088,1033,1695,1071,649
0,992,375,896,1017,436
0,1641,909,1520,1504,255
0,1403,562,1130,828,383
0,1186,676,1973,1012,1391
0,969,871,1338,880,346
0,1038,766,1380,899,805
0,729,617,1315,369,353
0,1332,301,875,1081,501
0,939,834,785,893,1439
0,1114,346,985,723,795
0,1434,758,1105,1107,944
0,1044,599,1063,824,938
0,1532,773,185,661,754
0,949,743,1094,655,477
0,841,750,995,834,307
0,1043,748,917,678,915
0,1248,734,1328,785,1229
0,1865,1575,2165,1276,574
0,1208,954,1925,894,614
0,1316,923,1555,1073,438
0,1138,1408,1411,1316,1400
0,664,435,1156,479,324
0,1116,1074,1342,989,804
0,1024,569,920,460,629
0,1203,1411,1228,1040,199
0,948,754,1120,784,640
0,1430,760,1332,992,191
0,1298,768,1225,1207,160
0,1000,528,1060,825,368
0,808,613,1396,503,576
0,1236,891,220,964,1582
0,1418,1566,1555,1032,216
0,967,788,1333,1223,773
0,892,849,1195,410,370
0,1162,1067,1331,1228,720
0,811,634,1176,738,687
0,962,353,918,219,618
0,930,904,1149,775,214
0,781,723,1335,604,1137
0,1608,569,245,1077,1879
0,1215,351,1195,542,426
0,1564,783,1681,939,652
0,1073,1299,230,786,1545
0,823,503,800,704,469
0,1140,525,1135,654,350
0,1071,1142,1570,1164,381
0,914,701,1190,576,162
0,1960,1062,1921,1190,846
0,1298,577,1374,895,430
0,1172,943,1210,1043,320
0,1246,1278,1509,959,515
0,1020,702,1237,761,1116
0,992,816,1161,808,327
0,1302,484,1330,574,610
0,1384,1536,1867,1047,1270
0,1229,1134,1149,729,345
0,1209,396,1307,964,698
0,1171,1286,1301,1236,95
0,1344,1035,1511,1047,1530
0,685,505,1220,673,903
0,918,1167,1445,863,528
0,705,439,1135,544,315
0,859,1290,1289,778,192
0,698,402,1021,983,495
0,768,442,1832,803,1081
0,1293,897,1281,752,724
0,1651,835,889,819,300
0,784,1015,1390,810,873
0,1171,946,1340,1116,198
0,685,453,1274,558,857
0,565,367,1046,442,762
0,1615,540,1345,1075,1161
0,761,634,960,1115,472
0,824,260,975,856,246
0,1058,670,1290,743,590
0,573,209,862,370,476
0,897,1186,1405,810,337
0,1019,793,1060,1157,401
0,1490,624,1319,959,898
0,1332,713,557,715,1190
0,1079,805,1278,644,596
0,999,750,1084,615,1037
0,960,635,1465,920,71
0,811,980,1041,406,398
0,771,480,1160,392,803
0,471,325,1254,384,797
0,1530,684,1535,1102,247
0,1203,1185,1425,1273,673
0,938,275,1460,862,663
0,877,739,1446,804,319
0,1693,1412,1695,1061,139
0,672,979,976,680,504
0,1340,859,1270,559,342
0,1403,457,1110,888,268
0,1603,859,802,1016,1967
0,754,499,815,548,445
0,836,397,1266,404,587
0,1070,783,1278,646,305
0,594,506,1062,339,472
0,1219,1236,1506,837,342
0,1485,708,1410,988,386
0,1734,1231,1995,1258,446
0,1213,1116,1290,888,255
0,1584,1050,1575,778,251
0,575,739,874,665,517
0,740,405,948,544,469
0,1165,825,1825,790,316
0,1251,678,1603,730,475
0,1006,841,1545,805,735
0,774,605,1155,705,540
0,1355,1255,1776,983,245
0,935,735,1225,641,614
0,959,298,1560,678,936
0,901,691,1310,925,195
0,800,698,865,882,120
0,929,821,2230,849,2117
0,1138,720,1210,495,402
0,1323,1040,1445,1132,396
0,876,410,1142,789,490
0,1527,1261,1950,1150,241
0,1427,1099,1660,1093,239
0,1544,1021,1551,837,2046
0,1419,879,1675,902,387
0,1062,443,1171,618,703
0,937,898,1095,870,363
0,1399,687,1519,705,318
0,676,504,1230,859,412
0,1002,488,802,671,866
0,941,874,1025,716,314
0,952,788,1312,619,1045
0,918,582,1000,895,559
0,1054,832,817,753,1205
0,866,684,1445,683,947
0,1061,339,915,249,355
0,1007,652,1403,372,330
0,538,775,1210,615,450
0,938,394,1265,833,370
0,662,672,1193,761,211
0,1254,1105,1653,1127,138
0,1108,1187,853,817,782
0,515,559,1020,789,438
0,1257,733,902,883,1743
0,1195,941,1299,914,793
0,1014,1387,1540,1262,456
0,1240,778,1630,1017,1099
0,969,664,1586,733,1328
0,1447,980,1715,810,307
0,1063,910,1792,829,1167
0,1362,1085,1710,1224,649
0,962,570,1025,626,155
0,1055,746,1210,1077,417
0,983,434,1295,439,648
0,1226,630,1405,617,186
0,860,676,1229,438,639
0,600,839,878,792,890
0,1719,1456,1691,1477,426
0,1077,140,1285,969,333
0,625,612,920,681,661
0,813,449,1045,552,493
0,1146,446,736,464,783
0,1270,920,1591,1200,429
0,1316,763,1889,1003,1471
0,1264,559,1285,622,184
0,836,248,1181,688,600
0,1192,517,1600,396,577
0,921,802,1297,588,665
0,878,375,1158,544,583
0,877,663,970,406,194
0,659,782,855,788,468
0,610,590,856,509,604
0,831,566,1065,538,342
0,1015,956,1010,908,35
0,1568,540,1301,906,428
0,869,857,1335,876,332
0,936,344,915,519,304
0,1291,853,1720,1183,1595
0,923,628,970,902,482
0,1040,427,1009,679,820
0,1494,738,1213,1130,1300
0,779,273,956,435,328
0,857,854,1032,1011,797
0,689,568,1030,736,569
0,872,1560,1190,974,699
0,1293,519,868,794,977
0,1648,788,1732,1434,459
0,1245,803,1655,720,389
0,1349,541,1267,823,181
0,1172,758,1414,1112,409
0,728,329,955,405,905
0,1119,610,524,641,1427
0,680,843,1149,486,692
0,834,856,955,758,185
0,1034,403,1416,288,614
0,941,443,1027,622,375
0,1872,1094,1570,1233,586
0,770,432,1420,799,1108
0,1095,670,1349,1024,364
0,608,614,870,649,429
0,1210,886,1545,943,408
0,764,853,895,724,803
0,1203,643,1670,1097,554
0,1160,654,1674,856,1033
0,960,643,1190,526,150
0,1063,571,1260,756,715
0,685,510,905,407,153
0,1231,805,1816,989,1004
0,1054,511,1154,524,335
0,797,308,1084,390,753
0,1010,796,1280,497,204
0,1392,677,1134,1052,1670
0,1316,541,1239,805,1122
0,642,435,750,347,400
0,1796,1493,1615,1174,314
0,784,426,1124,624,686
0,1168,642,1208,861,410
0,1305,1101,1490,1056,509
0,1428,629,1310,732,222
0,1208,1048,1155,1014,384
0,1379,1301,2105,1364,695
0,1430,906,1260,1042,746
0,836,786,1455,1018,639
0,1395,500,387,1094,1821
0,1230,700,1290,1004,568
0,1541,556,1616,1159,598
0,999,885,1330,891,312
0,1064,451,1090,694,215
0,1485,803,1710,1096,586
0,1367,350,1192,614,1101
0,1477,421,413,631,1056
0,1333,1357,1280,804,794
0,1282,978,1362,1147,384
0,696,694,1216,480,281
0,851,306,972,645,535
0,1277,277,1013,1048,505
0,866,1180,1378,896,1041
0,1123,512,1143,629,759
0,1293,310,1303,635,295
0,975,479,1015,767,331
0,1064,906,1618,826,419
0,1144,765,595,719,1202
0,1521,1071,947,740,1071
0,738,731,1454,752,1634
0,1293,766,1453,1109,520
0,1105,635,1432,973,1577
0,943,386,915,613,75
0,647,407,1119,624,332
0,1401,867,1645,918,541
0,1461,578,1612,800,793
0,1158,853,1395,869,427
0,1617,953,1642,1184,588
0,700,548,832,698,735
0,1271,800,1321,1156,868
0,1103,543,963,424,804
0,1013,615,1045,317,534
0,1073,543,1934,898,1840
0,1331,815,1250,978,40
0,1701,1141,1825,1441,653
0,1041,944,1356,947,799
0,1010,654,888,589,771
0,1052,545,980,791,196
0,1080,865,1645,725,354
0,917,579,972,857,422
0,1139,636,1455,1055,557
0,845,371,1528,437,795
0,1709,915,1575,1053,510
0,1326,803,1350,871,318
0,952,798,1029,639,461
0,1141,760,1500,787,597
0,903,791,1295,906,512
0,1246,378,1160,781,190
0,1049,468,1060,410,264
0,1367,1114,1165,1087,560
0,1300,701,1110,841,1062
0,1109,1106,1460,927,226
0,1408,862,1225,863,1223
0,1365,714,1550,679,364
0,843,563,1125,779,526
0,1083,478,1225,1152,446
0,854,1052,1267,414,558
0,989,605,1555,721,1066
0,1378,783,1540,1170,991
0,958,834,1305,958,589
0,1515,1003,1632,1062,796
0,1227,766,1373,1029,462
0,1146,481,1036,815,577
0,934,892,1480,724,573
0,1227,1395,1400,1164,55
0,641,1259,1150,625,274
0,1193,959,1366,968,696
0,1224,673,1420,636,332
0,1134,1035,1270,1097,1157
0,1015,498,1139,924,605
0,967,1005,1295,995,468
0,1256,787,1365,1168,467
0,1297,799,1294,975,498
0,1364,598,1141,686,325
0,1136,877,1325,930,432
0,1139,638,1260,813,269
0,1074,1198,1682,897,391
0,664,699,1205,764,918
0,1277,810,1485,683,453
0,1240,876,1299,940,1016
0,828,425,1377,447,829
0,1032,1032,1107,1248,125
0,1149,727,1010,1033,430
0,1097,595,933,699,1152
0,1118,1106,1355,666,462
0,1022,1144,1465,821,513
0,820,359,1037,653,782
0,861,873,1325,968,667
0,883,836,984,473,105
0,833,465,1455,770,1092
0,1481,1511,1624,1095,671
0,961,415,493,795,1848
0,1039,580,1397,1082,874
0,1236,573,1295,622,319
0,1321,371,1030,1230,45
0,376,794,1030,435,427
0,823,679,1195,464,357
0,1124,1388,1083,637,838
0,1315,1106,1207,868,270
0,1438,663,1235,646,475
0,695,563,560,613,616
0,1052,1117,1065,1036,880
0,1146,449,1310,492,725
0,1243,977,1224,1058,549
0,1077,312,1109,390,1153
0,1491,689,200,1144,970
0,890,737,1413,561,1305
0,1183,832,1290,757,192
0,1602,1067,1555,1409,187
0,967,539,1345,523,358
0,1078,341,1337,684,1170
0,1183,862,1085,931,274
0,853,654,1209,491,587
0,1053,678,1190,451,628
0,1080,714,1145,1014,514
0,1222,930,1108,737,797
0,922,832,1075,554,228
0,616,484,1075,698,543
0,1257,978,1675,887,364
0,932,547,993,580,232
0,605,366,1000,374,354
0,683,363,1080,802,543
0,1145,848,930,534,45
0,1425,783,1430,1075,324
0,836,623,798,710,593
0,724,661,805,440,175
0,1146,489,1070,801,659
0,1289,520,1680,979,774
0,1542,624,1450,746,137
0,638,700,1051,646,386
0,714,664,1083,537,215
0,974,607,896,965,1132
0,1751,1170,1692,1227,383
0,978,903,1095,805,416
0,1265,435,1150,1112,485
0,1169,841,1135,430,738
0,1161,560,1764,734,387
0,885,643,335,708,1612
0,870,292,1232,689,1388
0,1614,645,1106,775,1055
0,1047,1027,1415,1050,704
0,830,627,805,382,306
0,1170,1027,1041,814,242
0,999,929,1286,889,732
0,878,771,1365,739,158
0,1162,787,1730,736,500
0,776,483,950,794,438
0,1041,803,1823,861,819
0,1183,420,1330,1004,554
0,1202,766,1466,758,815
0,742,772,1149,733,785
0,1310,698,1205,681,65
0,847,650,1080,904,390
0,1040,808,1255,659,373
0,858,936,1006,936,420
0,1176,881,1325,1144,305
0,593,874,1367,706,325
0,1004,656,1215,992,654
0,932,764,1649,770,1017
0,1044,909,1150,1029,352
0,1115,435,1061,485,943
0,1178,855,1142,989,633
0,1805,733,1980,1268,235
0,1169,1037,1520,1184,108
0,1322,787,1375,1333,541
0,1213,814,1307,958,252
0,644,732,920,885,140
0,1507,1024,1867,1184,443
0,1350,490,1165,503,539
0,779,777,1209,620,574
0,1640,542,1474,1073,316
0,1012,587,1113,907,277
0,1283,1269,2062,1171,416
0,834,340,985,619,323
0,1380,648,240,946,1702
0,706,337,895,867,780
0,1154,959,1099,733,365
0,2054,1470,2040,1120,288
0,1105,776,1425,941,403
0,1108,819,1115,1373,520
0,1640,679,1455,1139,580
0,836,277,1510,477,816
0,571,689,1545,798,849
0,778,833,1128,604,750
0,1247,245,984,716,1190
0,821,674,1070,845,423
0,912,784,1220,729,360
0,1860,1626,2225,1475,372
0,1127,792,1300,882,547
0,1646,280,1539,474,310
0,1035,478,1384,946,592
0,1708,1275,1890,1144,160
0,1035,371,1247,586,1148
0,1152,905,1546,766,296
0,1044,764,1401,792,1334
0,1219,864,1345,1195,449
0,709,609,980,826,544
0,1480,800,1340,731,660
0,1220,769,1075,1007,444
0,1124,926,1310,999,416
0,933,692,1510,633,606
0,979,301,925,629,452
0,1319,713,1498,1119,205
0,880,1086,950,555,352
0,1179,601,1145,939,276
0,847,433,1010,955,448
0,1377,985,190,807,1075
0,756,702,1014,623,684
0,1070,703,1030,870,480
0,435,763,1083,599,664
0,1269,906,1575,853,302
0,1450,1532,404,909,1579
0,1834,1163,1715,1416,816
0,1609,977,683,881,1113
0,1141,1154,1290,791,80
0,827,630,1025,800,1283
0,1469,1081,1855,976,449
0,661,842,1443,720,780
0,1283,1287,1735,1374,632
0,1431,658,1777,1001,1066
0,1246,503,2060,832,938
0,409,1130,1074,483,811
0,1442,661,1430,1226,297
0,1422,646,1345,784,355
0,1407,860,1655,960,681
0,1210,1187,1487,1180,689
0,1287,354,1180,673,60
0,1440,748,1024,776,1043
0,799,810,1176,658,625
0,1593,899,1345,1082,353
0,1313,544,1060,974,274
0,855,403,1280,532,759
0,1371,968,1765,803,631
0,1086,857,1450,1008,593
0,673,867,1316,620,444
0,1443,918,1575,1322,456
0,1268,649,1275,709,446
0,1133,519,1010,663,169
0,902,663,1055,893,1047
0,1451,1526,1325,1077,628
0,1262,781,1250,1040,336
0,1380,957,675,942,908
0,1759,921,656,979,1465
0,1417,682,1856,579,326
0,1497,1168,1980,1014,523
0,1342,978,661,843,1432
0,708,281,1005,709,298
0,566,743,1189,406,272
0,932,565,1302,831,1087
0,1214,750,1745,736,456
0,835,395,1120,431,186
0,963,353,835,561,605
0,1005,541,1557,853,395
0,1580,1039,2108,1042,1154
0,1133,1130,975,1122,781
0,1252,571,979,638,1122
0,1360,582,599,798,1963
0,1051,1070,1350,978,565
0,724,255,1250,309,868
0,708,307,1159,701,542
0,864,731,914,840,403
0,1048,651,950,1239,231
0,1201,162,895,484,1497
0,808,498,1190,434,362
0,906,853,1581,888,741
0,1347,517,1085,901,395
0,964,706,930,985,725
0,971,897,1180,432,379
0,1334,332,1240,1094,565
0,767,538,1048,684,387
0,1370,1394,1640,1081,438
0,1394,1093,1480,1067,1241
0,910,1003,1065,848,544
0,1136,978,1203,1109,750
0,1327,987,1530,1427,5
0,1154,1071,459,1003,1405
0,933,781,905,481,356
0,1606,1097,706,1229,1473
0,1457,743,1637,1056,353
0,1133,388,636,646,944
0,1162,504,1762,907,1532
0,746,535,1155,779,598
0,775,586,895,709,270
0,807,517,961,967,467
0,934,597,1255,707,445
0,1018,663,1245,883,813
0,797,352,1332,485,1311
0,1330,847,1655,1082,513
0,1236,556,970,882,1389
0,923,700,1192,819,425
0,1125,596,1292,832,251
0,833,1033,1222,944,403
0,795,342,995,363,547
0,1417,569,1335,1083,724
0,1069,1036,1020,1261,10
0,1020,470,1245,609,318
0,680,637,1408,341,294
0,1120,1091,1270,1155,714
0,744,584,1195,569,566
0,1200,972,1332,1116,282
0,990,588,925,900,336
0,1320,452,1150,1003,475
0,485,821,1091,907,761
0,980,372,1385,205,809
0,878,361,1095,959,580
0,777,807,771,814,587
0,1341,894,1270,1004,288
0,955,635,1705,738,1364
0,812,741,1295,789,418
0,1391,844,776,800,802
0,1323,757,1390,1017,408
0,1158,532,1280,936,464
0,1509,1287,1990,1154,732
0,887,642,1001,512,813
0,950,452,1305,401,546
0,899,509,945,525,780
0,1184,996,1151,845,662
0,960,695,1191,417,689
0,1371,717,1440,1044,335
0,1117,991,1345,963,1270
0,1137,744,1156,919,625
0,714,352,1130,726,237
0,1500,490,1420,461,370
0,762,744,1150,989,618
0,1244,800,1190,910,407
0,1025,542,950,994,494
0,996,469,1155,905,326
0,1231,1282,1315,1128,433
0,1077,400,997,485,909
0,1094,761,1994,770,754
0,900,449,964,753,324
0,984,1102,1180,1062,195
0,1266,818,1455,859,643
0,1002,916,1606,983,289
0,836,1017,1136,382,404
0,1017,1037,1325,780,829
0,1227,965,1280,932,160
0,1423,737,1260,604,566
0,1074,1122,1165,951,566
0,1023,635,1105,932,467
0,819,370,935,888,277
0,1386,527,1184,925,429
0,787,946,1307,493,846
0,989,478,1110,653,478
0,1230,613,2278,966,1022
0,1444,1061,1581,1272,231
0,823,462,1000,785,426
0,457,561,942,595,729
0,1045,618,1116,446,275
0,1697,1217,1535,1599,517
0,999,961,1519,622,711
0,1301,1046,1325,1016,644
0,1548,789,1540,1322,661
0,580,735,1170,481,694
0,1400,975,1480,958,767
0,826,718,1105,502,231
0,1323,617,1400,1054,560
0,928,322,965,466,411
0,898,897,1281,1071,454
0,711,230,945,459,542
0,1022,1169,1636,847,873
0,688,672,1060,876,851
0,1728,1134,2020,1146,609
0,1372,1040,1185,1162,465
0,760,585,1185,892,435
0,601,425,1084,445,654
0,774,513,990,634,416
0,1442,1709,2262,1074,551
0,1082,534,969,856,720
0,1057,803,1490,728,587
0,989,526,1421,708,878
0,639,297,1144,840,720
0,781,669,1666,778,955
0,1259,421,270,546,1798
0,1505,620,1085,921,289
0,1180,168,1380,935,230
0,1438,531,1137,620,547
0,662,845,860,632,259
0,696,841,985,698,294
0,996,1008,1269,558,487
0,1079,1175,1320,1011,349
0,1339,525,1290,1039,369
0,944,175,1279,527,411
0,864,683,1375,575,963
0,1253,947,1740,1064,361
0,811,628,1280,742,363
0,1436,1063,1800,1190,358
0,1837,710,1891,1515,418
0,955,934,1475,495,303
0,1640,798,1590,1212,607
0,1646,728,1615,845,603
0,813,428,1060,316,563
0,1265,1072,1555,1048,529
0,890,1061,870,433,251
0,1258,1067,927,717,330
0,967,381,481,586,934
0,1430,635,1691,854,236
0,1010,988,895,862,170
0,876,190,1100,565,624
0,611,664,998,445,312
0,1245,720,704,739,392
0,1110,447,1461,934,766
0,602,787,1111,711,510
0,1035,784,1095,954,420
0,1339,1094,1275,915,174
0,1149,945,1344,861,487
0,1174,1159,1255,1022,177
0,1021,768,1085,869,401
0,1115,135,1524,742,760
0,473,504,801,418,559
0,1057,778,1160,918,442
0,1190,692,1198,1005,899
0,1547,1244,1427,903,163
0,1321,497,1234,963,752
0,1312,681,379,1031,1983
0,724,341,1077,872,548
0,1231,836,1565,762,536
0,1113,618,1025,341,868
0,1334,587,1453,1203,371
0,1014,367,941,785,1364
0,1187,843,1405,798,338
0,631,463,1250,338,343
0,1636,857,1654,848,1050
0,375,746,1385,541,310
0,984,657,1180,746,766
0,855,1145,1465,959,544
0,738,819,1211,788,606
0,1090,521,1065,840,333
0,1215,340,1135,564,481
0,1394,1337,1087,1047,1167
0,1460,633,1203,982,1729
0,447,702,1010,330,284
0,1732,1586,1880,1329,412
0,1118,201,1236,910,1438
0,1547,1096,1416,1308,319
0,1304,1233,1435,852,396
0,1492,876,1145,888,759
0,553,986,846,700,553
0,875,352,1051,224,733
0,1176,936,1417,835,315
0,1120,1011,1345,996,591
0,1104,769,1035,892,385
0,1090,890,1010,751,348
0,1148,675,1273,669,1116
0,1132,1248,844,760,300
0,955,467,865,345,318
0,923,640,970,823,1330
0,835,761,1135,765,182
0,1058,618,1168,709,271
0,954,619,1676,877,921
0,1034,930,1470,1044,896
0,1090,329,1675,807,690
0,1158,450,1095,563,452
0,1634,1100,2042,1159,1426
0,1160,1039,1763,889,602
0,1067,654,1345,495,576
0,995,361,1242,828,144
0,1468,563,623,1092,970
0,657,692,1112,754,559
0,1204,630,1997,733,997
0,928,699,1135,355,372
0,910,903,1075,849,817
0,775,554,965,1000,571
0,1497,438,1793,1135,895
0,1478,903,2245,988,830
0,895,885,1557,348,110
0,905,1001,1249,527,263
0,1257,962,1580,922,545
0,1122,850,1085,989,758
0,1191,502,1410,480,423
0,791,1091,1220,711,647
0,1466,1095,220,983,1577
0,807,173,1154,580,473
0,1047,659,1780,783,800
0,719,292,1031,591,765
0,1390,1000,1131,697,524
0,1784,1263,2174,1183,568
0,808,451,1158,523,458
0,713,791,1340,648,608
0,1362,729,1550,954,584
0,1212,1320,1530,1062,137
0,1148,918,1420,912,491
0,1093,579,1181,682,292
0,1118,533,593,506,1316
0,646,742,1108,410,220
0,1032,864,1280,912,249
0,1365,785,1090,1283,1043
0,1592,1354,1790,1069,887
0,1577,583,1160,1222,339
0,1448,1036,2165,1219,1485
0,944,653,1038,431,622
0,1172,1245,1310,996,213
0,746,296,918,387,267
0,872,622,1054,758,623
0,1457,604,1880,1164,545
0,950,722,1252,914,454
0,1075,557,1275,870,264
0,739,351,885,462,607
0,919,770,1267,895,449
0,1741,1090,1920,907,324
0,1058,843,1100,669,0
0,1263,797,1410,487,290
0,1319,1184,1820,995,997
0,1356,889,1781,1214,399
0,1257,711,1185,1036,61
0,1835,943,1113,970,375
0,541,704,1255,537,267
0,1054,584,1195,984,822
0,605,914,1260,420,354
0,1483,849,1230,1116,632
0,1030,341,1625,1020,659
0,1372,736,1290,1083,244
0,690,269,1039,483,634
0,785,580,1005,664,1114
0,1718,1181,1545,1447,230
0,1223,826,1375,1003,602
0,1274,582,995,480,542
0,826,785,765,412,100
0,1463,349,1884,744,1210
0,1182,751,594,731,2196
0,974,636,1200,577,364
0,1296,880,1614,903,1388
0,844,689,1061,301,687
0,891,407,1054,716,1029
0,1125,966,1335,867,778
0,1127,1155,1508,855,564
0,1348,1372,1515,1144,724
0,1140,749,230,1117,1293
0,958,1133,1302,859,507
0,1420,1024,1505,1160,237
0,600,1026,1135,722,540
0,1165,412,1335,1020,1075
0,551,783,1088,777,369
0,1042,1161,1205,1306,800
0,1059,661,1535,843,424
0,684,701,1025,559,563
0,846,556,915,862,331
0,1492,658,1340,1482,485
0,976,911,1216,604,612
0,899,524,1307,665,243
0,1066,890,1400,882,455
0,1130,1058,1180,842,531
0,859,757,851,859,412
0,1344,687,1385,898,168
0,774,352,902,304,480
0,1215,621,1221,947,686
0,1315,651,1200,1060,550
0,963,773,1017,841,725
0,1384,877,1381,1315,868
0,1233,805,1260,674,895
0,1261,872,1320,1238,516
0,1196,853,1854,951,442
0,1197,752,1238,854,1042
0,436,379,934,320,498
0,1294,1009,1508,1055,392
0,1286,1057,1760,946,647
0,1010,1173,1250,814,281
0,595,579,1210,519,300
0,1485,1145,1555,1126,645
0,1428,1163,996,1197,1405
0,1187,1053,1140,1169,293
0,1453,547,1370,634,209
0,904,897,1095,879,368
0,739,444,1129,849,803
0,1132,1221,1225,1159,105
0,823,356,1225,357,910
0,788,422,1658,542,1049
0,1308,904,1180,1026,350
0,825,706,1471,838,436
0,631,325,1088,728,689
0,988,810,1105,419,696
0,1164,523,1335,1043,281
0,760,758,1560,750,890
0,815,500,832,505,269
0,976,293,731,450,591
0,947,1413,1470,473,557
0,1112,1618,1605,1027,737
0,1422,1476,1340,1100,382
0,974,593,1130,958,583
0,921,670,1040,613,269
0,831,677,1200,469,422
0,681,751,1151,591,596
0,928,421,1299,595,1391
0,1013,1263,587,912,1088
0,1688,677,1630,1090,881
0,996,622,1295,671,547
0,1258,540,1180,1192,364
0,1391,757,1250,892,604
0,1610,1070,1673,1207,365
0,806,510,725,663,1253
0,1134,784,547,1014,1187
0,930,589,1224,768,1078
0,1363,1081,1435,1253,215
0,907,631,795,720,394
0,1081,393,1160,856,780
0,806,749,1310,748,576
0,943,527,785,814,220
0,1015,837,1325,929,593
0,1017,623,1375,841,380
0,1222,1096,1650,1310,526
0,1341,680,1325,986,261
0,1553,719,1795,835,239
0,1344,633,1226,682,754
0,999,1111,1381,792,536
0,1570,449,1555,949,747
0,1380,1229,1460,1118,707
0,834,636,885,419,459
0,937,901,1295,918,524
0,1597,1443,1400,723,10
0,1026,1587,1302,1194,878
0,1504,777,1485,1093,189
0,1263,436,1580,726,537
0,1147,314,1232,464,340
0,595,751,991,776,631
0,957,561,1286,862,334
0,1053,669,1365,777,324
0,1321,679,1190,308,322
0,590,494,1161,172,359
0,774,725,1275,963,504
0,1587,690,1445,1165,112
0,1025,539,1364,842,923
0,557,473,1214,357,753
0,1033,858,1205,871,251
0,1469,769,1310,1325,512
0,614,273,1335,369,693
0,1121,395,1313,530,569
0,1522,650,1316,986,579
0,1261,750,1224,949,382
0,608,566,1052,397,560
0,1131,624,1244,1078,445
0,892,860,1506,966,253
0,1406,969,1295,895,280
0,1302,910,1387,1122,1265
0,1251,1139,1218,1109,615
0,833,240,1478,849,762
0,1335,447,1350,535,499
0,719,664,1100,926,380
0,1245,1130,1205,745,942
0,1625,501,1525,1031,392
0,1232,778,1375,547,229
0,999,627,1125,516,502
0,1124,704,1135,839,329
0,1513,1001,776,1116,1990
0,1504,694,1600,979,361
0,1202,1143,1065,739,625
0,700,643,839,693,875
0,1251,1065,1074,936,1297
0,1452,1236,1670,830,676
0,1494,988,1612,904,465
0,814,460,880,588,327
0,1421,1345,1700,1323,329
0,990,732,1050,877,761
0,1046,466,1374,681,663
0,854,778,1440,791,457
0,1268,902,1640,1186,307
0,901,924,1266,385,490
0,1048,825,1540,925,1023
0,702,719,1214,691,590
0,1048,724,1436,900,1004
0,1340,374,1285,897,284
0,1308,445,1150,926,430
0,990,435,967,717,831
0,690,570,1059,738,399
0,1828,1131,1745,1211,308
0,1226,874,1096,1028,634
0,1282,354,1030,760,663
0,631,556,905,613,635
0,1510,943,1630,1068,869
0,933,439,783,770,1503
0,743,462,1250,917,602
0,844,1020,971,661,10
0,828,1265,1564,773,299
0,966,809,945,605,443
0,1459,1009,1480,1180,447
0,1367,889,1605,772,241
0,901,985,1308,777,189
0,1080,785,900,544,282
0,1337,239,1068,527,808
0,1102,970,1275,852,282
0,1850,563,250,535,556
0,1109,1115,1642,932,253
0,706,651,1342,590,843
0,1221,601,1075,372,98
0,1044,548,1239,716,537
0,1167,284,1160,397,738
0,562,313,877,462,661
0,1371,883,1078,971,1563
0,1005,584,1360,655,707
0,1162,701,1192,635,569
0,997,558,880,417,459
0,692,593,1025,519,333
0,1232,980,1205,1166,539
0,1241,976,682,682,1236
0,1530,531,1440,1217,591
0,612,654,1122,731,715
0,1153,723,1120,907,296
0,1327,1320,1342,1105,910
0,1250,1019,967,904,359
0,1704,969,1250,1531,280
0,686,208,680,753,502
0,1493,1314,1965,1309,772
0,1139,748,2280,848,1110
0,1023,973,1420,995,356
0,1244,364,1475,755,538
0,1347,1014,1708,1047,753
0,1387,302,1415,396,315
0,1243,512,1658,908,595
0,1431,1054,587,712,1960
0,1222,1008,1075,992,777
0,1390,992,1615,803,1237
0,1270,912,1440,928,264
0,857,662,1136,813,818
0,1340,812,1383,847,366
0,1280,793,502,837,1172
0,815,1067,1280,968,220
